brevitas_version: 0.11.1.dev108+gabeacd50.d20250312
elapsed_time: 702.9538767337799
float_ppl: 13.738974571228027
quant_ppl: 48.62888717651367
retry_number: 1
status: successful
torch_version: 2.4.1+cu121
