brevitas_version: 0.11.1.dev108+gabeacd50.d20250312
elapsed_time: 683.5784094333649
float_ppl: 13.738974571228027
quant_ppl: 37.655906677246094
retry_number: 1
status: successful
torch_version: 2.4.1+cu121
