brevitas_version: 0.11.1.dev108+gabeacd50.d20250312
elapsed_time: 874.6166429519653
float_ppl: 13.738974571228027
quant_ppl: 44.82917785644531
retry_number: 1
status: successful
torch_version: 2.4.1+cu121
